50 -91 72 -38 61 -78 -77 -56 57 -20 -44 71 63 -35 -42 20 51 -93 -18 49 76 -72 59 11 -66 -62 -22 -69 -51 -88 95
-53 -65 -71 81 -20 89 83 -53 -56 -93 -11 -99 85 33 -15 -60 -78 -99 60 -79 -72 -94 -93 -49 47 -59 -90 46 -40 51 -15
93 34 25 25 83 43 44 17 37 -88 -12 -39 -83 -12 26 51 72 -55 -69 84 -38 -10 -28 -24 -78 -79 -32 -33 -96 -91 -66
-62 -10 41 64 -20 -80 -41 -82 -30 -90 80 -73 -43 -35 22 -13 -49 -31 69 -61 -99 76 73 -25 23 56 -56 -66 49 -55 -87
-100 83 -81 -37 44 -35 -18 -54 -78 34 42 -19 -66 -30 -75 42 -29 49 -69 94 -81 -23 23 82 -15 -55 -27 60 -70 -50 46
-80 -60 79 60 -20 -55 -62 77 -81 59 -70 -83 88 -42 26 15 72 -58 -84 98 51 -20 95 -20 -73 -57 13 -95 -83 45 45
-79 -95 49 -33 -91 95 96 -42 -20 -66 -70 -46 -42 17 -58 99 -56 85 -76 86 75 -34 33 -43 59 -43 -50 76 39 60 -16
64 -20 94 86 -56 -25 -54 -88 88 -41 62 -96 -30 -38 92 -31 -23 -57 44 -57 -22 -12 -60 54 58 -84 10 -64 92 55 -81
-35 -28 -20 -38 95 -29 -21 -81 -98 -44 -54 -24 79 35 -27 -32 -50 93 -55 -89 -82 -82 -75 -38 -41 86 51 77 -93 -64 44
90 -28 -35 18 80 77 -40 -84 89 -47 -43 43 51 88 75 51 26 -56 -32 -39 11 80 -96 44 -33 31 71 -47 -66 41 -81
43 -84 -29 92 49 15 86 -95 -24 -77 -81 -90 61 -66 62 -11 86 -21 45 -10 28 18 -12 -16 70 14 -73 -37 59 -70 -16
43 -38 74 -31 -58 57 59 97 -48 -44 -68 -78 -47 -12 -90 -77 -90 48 -51 48 -43 -88 -19 -27 -73 -48 81 -39 -71 26 68
36 -12 -56 -48 61 -38 -84 28 81 -57 -44 96 81 23 -88 -41 -38 -86 -47 -89 -47 -100 51 -19 -92 -79 -23 74 -27 -19 -56
33 -74 -20 -52 -70 -92 38 77 13 -88 79 -25 -19 76 98 42 51 64 -21 90 -22 -50 -82 97 70 -47 -83 -51 -55 98 69
-44 88 47 -24 -94 -31 29 -31 34 67 28 -35 14 -66 -89 91 -91 57 -77 -24 -71 -74 81 -62 91 26 18 -43 -38 35 -57
36 54 50 32 -74 46 -99 -51 21 41 -86 -25 -29 -58 38 -40 95 86 97 93 -50 66 -54 -19 68 -15 -29 14 -57 93 57
13 -93 -22 -26 10 -71 -87 -93 -97 45 46 -90 -72 -33 -64 -83 29 -100 74 11 51 -96 -14 81 -93 -28 71 -94 -37 58 -95
-74 48 -92 16 -96 -15 93 45 -91 -39 -31 96 -68 -54 95 -55 -66 41 -15 -77 84 -76 -14 63 -43 -83 23 -33 -63 -72 19
57 38 -77 -43 -49 26 -84 -51 -59 11 84 -74 -38 -74 79 31 -47 -46 -17 -98 98 69 -76 64 -60 87 -75 -19 -22 -98 -24
45 36 19 56 -84 85 53 64 83 75 -70 -12 -40 -82 -95 36 54 -12 98 -37 33 -63 25 -34 -80 85 -65 44 -82 35 -41
13 -21 -78 72 -25 -25 -69 -12 -95 -75 -71 40 -62 -31 -91 44 -20 -41 41 53 -35 -86 -63 79 -24 53 38 83 -98 -79 39
-60 -36 -65 -39 -90 71 60 55 -100 61 89 -46 53 31 35 77 -83 -37 -55 -87 -51 68 -69 -32 24 -67 -66 -43 48 -70 99
-88 -13 -72 56 83 88 37 67 66 -67 -96 89 71 -17 -95 74 -33 -60 32 85 22 -55 -63 -89 -62 79 -93 45 90 -33 -12
28 -73 -21 -97 27 -59 40 -11 -61 28 37 -94 29 -62 65 -55 41 -74 -40 -90 45 99 -46 63 -63 49 -51 -68 -84 87 91
-50 -53 -69 -43 -82 -53 38 -27 -88 70 80 -14 -25 -41 65 -53 53 -60 79 74 -48 -54 75 -11 52 -93 51 -27 89 -85 37
-76 40 -41 -71 14 42 -74 -29 -80 -55 11 95 68 -87 68 -59 -23 63 43 -55 -91 -28 -93 81 60 72 -84 -14 -82 -21 -49
49 12 31 -87 19 -25 -26 25 -20 -81 39 39 -59 -59 14 45 -54 -97 97 -41 33 79 80 88 -28 47 -97 80 91 -99 44
12 47 -77 -81 -97 -93 25 -89 -69 91 71 -68 13 -85 52 -25 62 42 -68 -97 58 56 34 -40 55 -45 -35 -41 -97 -52 -54
57 -86 41 -84 27 31 -26 -71 76 -58 72 -48 79 56 -48 -96 30 44 -57 -96 -60 -41 -51 48 -71 55 -68 66 15 46 -98
-17 76 -91 -22 17 -59 -14 -10 -15 -41 66 -23 -16 43 -11 -94 98 -10 66 94 -71 -63 -62 26 -94 -45 -66 76 31 -35 -77
